pid,arrival,run_time,finish,wait_time,turn_around_time,response_time,n_context
1,0,20.0,10.0,0.0,10.0,0.0,0
2,1,6.0,13.0,9.0,12.0,9.0,0
3,2,16.0,21.0,11.0,19.0,11.0,0
4,4,8.0,25.0,17.0,21.0,17.0,0
5,5,10.0,30.0,20.0,25.0,20.0,0
6,6,14.0,37.0,24.0,31.0,24.0,0
7,9,4.0,39.0,28.0,30.0,28.0,0
8,10,12.0,45.0,29.0,35.0,29.0,0
9,13,2.0,46.0,32.0,33.0,32.0,0
10,15,18.0,55.0,31.0,40.0,31.0,0
